1	R	7	9
2	R	10	12
3	R	15	16
4	R	26	27
5	R	29	32
6	J	34	36
7	J	36	40
8	S	41	44
9	S	45	47
10	J	47	52
11	S	54	55
12	S	58	61
13	R	61	65
14	S	65	68
15	J	70	74
16	M	75	76
17	X	77	81
18	C	81	84
19	S	85	87
20	M	87	90
21	X	92	97
22	C	98	100
23	S	101	104
24	S	104	107
25	J	108	110
26	J	110	113
27	P	113	116
28	P	116	119
29	M	166	168
30	X	169	172
31	S	174	177
32	X	178	182
33	M	188	191
34	C	191	195
35	M	199	201
36	C	201	203
37	C	204	206
38	P	213	216
39	S	217	220
40	P	220	224
41	S	226	228
42	P	228	231
43	S	231	235
44	P	235	240
45	P	241	244
46	P	246	251
47	J	251	254
48	J	256	258
49	C	258	261
50	J	262	266
51	C	266	271
52	C	272	273
53	J	273	276
54	C	277	279
55	J	281	283
56	J	283	286
57	C	286	288
58	C	289	292
59	C	292	295
60	J	296	298
61	C	298	301
62	J	301	302
63	C	304	306
64	J	306	308
65	C	309	312
66	C	313	315
67	J	316	318
68	C	319	321
69	C	322	325
70	C	325	328
71	J	328	331
72	M	333	334
73	C	335	339
74	M	340	344
75	M	345	348
76	C	353	356
77	S	360	362
78	S	364	368
79	X	368	370
80	S	371	375
81	X	375	379
82	S	382	384
83	P	388	390
84	P	390	392
85	R	394	398
86	R	399	401
87	P	401	405
88	P	406	409
89	R	411	414
90	P	415	417
91	P	417	421
92	R	421	424
93	P	424	428
94	R	428	430
95	R	432	435
96	J	437	441
97	S	443	446
98	S	448	451
99	P	453	457
100	C	458	460
101	P	461	463
102	C	463	466
103	S	469	473
104	J	476	480
105	X	480	482
106	X	482	483
107	S	484	487
108	S	487	489
109	J	490	493
110	X	494	497
111	C	498	500
112	C	501	505
113	J	520	523
114	R	523	527
115	J	528	533
116	Z	533	534
117	Z	534	538
118	R	539	541
119	Z	541	543
120	Z	543	546
121	R	550	554
122	J	554	557
123	R	558	562
124	R	562	565
125	R	566	569
126	R	572	575
127	J	575	578
128	Z	578	581
129	J	581	585
130	R	586	589
131	J	589	592
132	P	594	597
133	P	597	599
134	P	599	602
135	602	606	606
606	609
610	612
613	616
616	621
622	625
625	627
628	630
630	633
634	638
639	643
644	648
648	649
649	654
658	660
662	665
665	667
670	673
673	677
688	692
693	696
696	699
699	702
704	706
706	708
709	711
712	714
714	716
716	718
719	722
722	726
726	728
728	730
730	734
735	737
738	742
742	745
745	749
749	752
753	755
756	761
761	763
765	767
771	776
777	782
789	791
792	795
795	799
799	803
804	807
813	816
816	821
822	827
829	832
832	835
835	838
838	840
840	844
844	847
847	850
850	852
853	855
857	859
859	862
862	864
864	867
867	870
870	872
873	875
875	876
876	879
879	881
882	883
884	888
888	892
892	895
897	900
901	903
903	907
907	909
909	913
913	917
919	921
924	926
935	938
938	943
943	945
945	947
947	952
952	955
957	960
960	964
965	967
967	971
972	974
974	978
978	979
980	981
982	983
985	989
990	993
994	997
997	1001
1002	1004
1004	1006
1007	1008
1010	1012
1012	1015
1017	1021
1021	1024
1024	1026
1027	1030
1030	1035
1035	1038
1038	1040
1041	1044
1044	1047
1048	1050
1051	1053
1054	1055
1056	1060
1060	1064
1064	1068
1077	1078
1079	1080
1085	1087
1088	1089
1091	1093
1096	1100
1101	1102
1104	1106
1107	1110
1112	1115
1115	1118
1118	1122
1123	1128
1128	1131
1131	1136
1138	1140
1141	1144
1144	1146
1146	1149
1149	1152
1153	1156
1156	1161
1161	1164
1165	1171
1171	1173
1173	1174
1174	1177
1177	1180
1180	1183
1183	1187
1188	1190
1191	1194
1194	1197
1197	1201
1202	1204
1204	1207
1213	1216
1216	1221
1223	1226
1226	1230
1231	1234
1234	1237
1237	1242
1242	1243
1245	1246
1252	1253
1264	1265
1267	1273
1273	1279
1279	1281
1281	1287
1289	1292
1292	1294
1294	1297
1298	1300
1301	1304
1306	1312
1313	1315
1316	1319
1319	1322
1323	1325
1325	1328
1330	1331
1331	1333
1334	1337
1337	1339
1340	1346
1346	1348
1349	1352
1353	1357
1357	1361
1361	1363
1363	1365
1380	1382
1382	1384
1384	1387
1391	1396
1396	1400
1400	1404
1404	1406
1407	1408
1410	1413
1413	1417
1419	1421
1422	1424
1424	1428
1431	1434
1439	1441
1443	1447
1449	1452
1454	1458
1459	1460
1472	1477
1478	1481
1486	1491
1494	1495
1496	1498
